1.000
1.002
1.004
1.006
1.008
1.010
1.012
1.014
1.016
1.018
1.020
1.022
1.024
1.026
1.028
1.030
1.032
1.034
1.036
1.038
1.040
1.042
1.044
1.046
1.048
1.050
1.052
1.054
1.056
1.058
1.060
1.062
1.064
1.066
1.068
1.070
1.072
1.074
1.076
1.078
1.080
1.082
1.084
1.086
1.088
1.090
1.092
1.094
1.096
1.098
1.100
1.102
1.104
1.106
1.108
1.110
1.112
1.114
1.116
1.118
1.120
1.122
1.124
1.126
1.128
1.130
1.132
1.134
1.136
1.138
1.140
1.142
1.144
1.146
1.148
1.150
1.152
1.154
1.156
1.158
1.160
1.162
1.164
1.166
1.168
1.170
1.172
1.174
1.176
1.178
1.180
1.182
1.184
1.186
1.188
1.190
1.192
1.194
1.196
1.198
1.200
1.202
1.204
1.206
1.208
1.210
1.212
1.214
1.216
1.218
1.220
1.222
1.224
1.226
1.228
1.230
1.232
1.234
1.236
1.238
1.240
1.242
1.244
1.246
1.248
1.250
1.252
1.254
1.256
1.258
1.260
1.262
1.264
1.266
1.268
1.270
1.272
1.274
1.276
1.278
1.280
1.282
1.284
1.286
1.288
1.290
1.292
1.294
1.296
1.298
1.300
1.302
1.304
1.306
1.308
1.310
1.312
1.314
1.316
1.318
1.320
1.322
1.324
1.326
1.328
1.330
1.332
1.334
1.336
1.338
1.340
1.342
1.344
1.346
1.348
1.350
1.352
1.354
1.356
1.358
1.360
1.362
1.364
1.366
1.368
1.370
1.372
1.374
1.376
1.378
1.380
1.382
1.384
1.386
1.388
1.390
1.392
1.394
1.396
1.398
1.400
1.402
1.404
1.406
1.408
1.410
1.412
1.414
1.416
1.418
1.420
1.422
1.424
1.426
1.428
1.430
1.432
1.434
1.436
1.438
1.440
1.442
1.444
1.446
1.448
1.450
1.452
1.454
1.456
1.458
1.460
1.462
1.464
1.466
1.468
1.470
1.472
1.474
1.476
1.478
1.480
1.482
1.484
1.486
1.488
1.490
1.492
1.494
1.496
1.498
1.500
1.502
1.504
1.506
1.508
1.510
1.512
1.514
1.516
1.518
1.520
1.522
1.524
1.526
1.528
1.530
1.532
1.534
1.536
1.538
1.540
1.542
1.544
1.546
1.548
1.550
1.552
1.554
1.556
1.558
1.560
1.562
1.564
1.566
1.568
1.570
1.572
1.574
1.576
1.578
1.580
1.582
1.584
1.586
1.588
1.590
1.592
1.594
1.596
1.598
1.600
1.602
1.604
1.606
1.608
1.610
1.612
1.614
1.616
1.618
1.620
1.622
1.624
1.626
1.628
1.630
1.632
1.634
1.636
1.638
1.640
1.642
1.644
1.646
1.648
1.650
1.652
1.654
1.656
1.658
1.660
1.662
1.664
1.666
1.668
1.670
1.672
1.674
1.676
1.678
1.680
1.682
1.684
1.686
1.688
1.690
1.692
1.694
1.696
1.698
1.700
1.702
1.704
1.706
1.708
1.710
1.712
1.714
1.716
1.718
1.720
1.722
1.724
1.726
1.728
1.730
1.732
1.734
1.736
1.738
1.740
1.742
1.744
1.746
1.748
1.750
1.752
1.754
1.756
1.758
1.760
1.762
1.764
1.766
1.768
1.770
1.772
1.774
1.776
1.778
1.780
1.782
1.784
1.786
1.788
1.790
1.792
1.794
1.796
1.798
1.800
1.802
1.804
1.806
1.808
1.810
1.812
1.814
1.816
1.818
1.820
1.822
1.824
1.826
1.828
1.830
1.832
1.834
1.836
1.838
1.840
1.842
1.844
1.846
1.848
1.850
1.852
1.854
1.856
1.858
1.860
1.862
1.864
1.866
1.868
1.870
1.872
1.874
1.876
1.878
1.880
1.882
1.884
1.886
1.888
1.890
1.892
1.894
1.896
1.898
1.900
1.902
1.904
1.906
1.908
1.910
1.912
1.914
1.916
1.918
1.920
1.922
1.924
1.926
1.928
1.930
1.932
1.934
1.936
1.938
1.940
1.942
1.944
1.946
1.948
1.950
1.952
1.954
1.956
1.958
1.960
1.962
1.964
1.966
1.968
1.970
1.972
1.974
1.976
1.978
1.980
1.982
1.984
1.986
1.988
1.990
1.992
1.994
1.996
1.998
2.000
2.002
2.004
2.006
2.008
2.010
2.012
2.014
2.016
2.018
2.020
2.022
2.024
2.026
2.028
2.030
2.032
2.034
2.036
2.038
2.040
2.042
2.044
2.046
2.048
2.050
2.052
2.054
2.056
2.058
2.060
2.062
2.064
2.066
2.068
2.070
2.072
2.074
2.076
2.078
2.080
2.082
2.084
2.086
2.088
2.090
2.092
2.094
2.096
2.098
2.100
2.102
2.104
2.106
2.108
2.110
2.112
2.114
2.116
2.118
2.120
2.122
2.124
2.126
2.128
2.130
2.132
2.134
2.136
2.138
2.140
2.142
2.144
2.146
2.148
2.150
2.152
2.154
2.156
2.158
2.160
2.162
2.164
2.166
2.168
2.170
2.172
2.174
2.176
2.178
2.180
2.182
2.184
2.186
2.188
2.190
2.192
2.194
2.196
2.198
2.200
2.202
2.204
2.206
2.208
2.210
2.212
2.214
2.216
2.218
2.220
2.222
2.224
2.226
2.228
2.230
2.232
2.234
2.236
2.238
2.240
2.242
2.244
2.246
2.248
2.250
2.252
2.254
2.256
2.258
2.260
2.262
2.264
2.266
2.268
2.270
2.272
2.274
2.276
2.278
2.280
2.282
2.284
2.286
2.288
2.290
2.292
2.294
2.296
2.298
2.300
2.302
2.304
2.306
2.308
2.310
2.312
2.314
2.316
2.318
2.320
2.322
2.324
2.326
2.328
2.330
2.332
2.334
2.336
2.338
2.340
2.342
2.344
2.346
2.348
2.350
2.352
2.354
2.356
2.358
2.360
2.362
2.364
2.366
2.368
2.370
2.372
2.374
2.376
2.378
2.380
2.382
2.384
2.386
2.388
2.390
2.392
2.394
2.396
2.398
2.400
2.402
2.404
2.406
2.408
2.410
2.412
2.414
2.416
2.418
2.420
2.422
2.424
2.426
2.428
2.430
2.432
2.434
2.436
2.438
2.440
2.442
2.444
2.446
2.448
2.450