-5.69897000
-5.52287875
-5.39794001
-5.30103000
-5.22184875
-5.15490196
-5.09691001
-5.04575749
-5.00000000
-4.95860731
-4.92081875
-4.69897000
-4.52287875
-4.39794001
-4.30103000
-4.22184875
-4.15490196
-4.09691001
-4.04575749
-4.00000000
-3.95860731
-3.92081875
-3.69897000
-3.52287875
-3.39794001
-3.30103000
-3.22184875
-3.15490196
-3.09691001
-3.04575749
-3.00000000
-2.95860731
-2.92081875
-2.69897000
-2.52287875
-2.39794001
-2.30103000
-2.22184875
-2.15490196
-2.09691001
-2.04575749
-2.00000000
-1.95860731
-1.92081875
-1.69897000
-1.52287875
-1.39794001
-1.30103000
-1.22184875
-1.15490196
-1.09691001
-1.04575749
-1.00000000
-0.69897000
-0.52287875
-0.39794001
-0.30103000
-0.22184875
-0.15490196
-0.09691001
-0.04575749
0.00000000