-5.00
-4.98
-4.96
-4.94
-4.92
-4.90
-4.88
-4.86
-4.84
-4.82
-4.80
-4.78
-4.76
-4.74
-4.72
-4.70
-4.68
-4.66
-4.64
-4.62
-4.60
-4.58
-4.56
-4.54
-4.52
-4.50
-4.48
-4.46
-4.44
-4.42
-4.40
-4.38
-4.36
-4.34
-4.32
-4.30
-4.20
-4.10
-4.00
-3.90
-3.80
-3.70
-3.60
-3.50
-3.40
-3.30
-3.20
-3.10
-3.00
-2.90
-2.80
-2.70
-2.60
-2.50
-2.40
-2.30
-2.20
-2.10
-2.00
-1.90
-1.80
-1.70
-1.60
-1.50
-1.40
-1.30
-1.20
-1.10
-1.00
-0.90
-0.80
-0.70
-0.60
-0.50
-0.40
-0.30
-0.20
-0.10
0.10
0.20
0.30
0.40
0.50
0.60
0.70
0.80
0.90
1.00
1.10
1.20
1.30
1.40
1.50
1.60
1.70
1.80
1.90
2.00
2.10
2.20
2.30
2.40
2.50
2.60
2.70
2.80
2.90
3.00
3.10
3.20
3.30
3.40
3.50
3.60
3.70
3.80
3.90
4.00
4.10
4.20
4.30
4.40
4.50
4.60
4.70
4.80
4.90
5.00